1263	1956	1958
1264	1959	1961
1265	1962	1964
1266	1965	1967
1267    1968	1970
1268	1971	1973
1269	1974	1976
1270	1977	1980
1292	2054	2056
1293	2057	2059
1294	2060	2062
1295	2063	2065
1296	2066	2068
1297	2069	2071
1298	2072	2074
1299	2075	2077
1300    2078	2080
1301	2081	2083
1302	2084	2086
1303	2087	2089
1304	2090	2093
1305	2094	2096
1306	2097	2099
1307	2100	2102
1308    2103	2105
1309	2106	2108
1310	2109	2111
1311	2112	2114
1312	2115	2117
1313	2118	2120
1314    2121	2123
1315	2124	2126
1316	2127	2129
1317	2130	2132
1318	2133	2135
1319	2136	2138
1320	2139	2141
1321	2142	2144
1322	2145	2147
1323	2148	2151
1324	2152	2157
1325	2158	2163
1326	2164	2169
1327	2170	2175
1328	2176	2181
1329	2182	2187
1330	2188	2193
1331	2194	2199
1332	2200	2205
1333	2206	2208
1334	2209	2211
1335	2212	2214
1336	2215	2217
1337	2218	2220
1338	2221	2223
1339	2224	2226
1340	2227	2229
1341	2230	2232
1342	2233	2235
1343	2236	2238
1344	2239	2241
1345	2242	2244
1346	2245	2247
1347	2248	2250
1348	2251	2253
1349	2254	2256
1350	2257	2259
1351	2260	2262
1352	2263	2265
1353	2266	2268
1354	2269	2271
1355	2272	2274
1356	2275	2277
1357	2278	2280
1358    2281    2283
1359	20020817	20020819
1360	20020820	20020824
1361	20020825	20020828
1362	20020829	20020831
1363	20020901	20020903
1364	20020904	20020906
1365	20020907	20020909
1366	20020910	20020912
1367	20020913	20020915
1368	20020611	20020611
1369    20020916	20020918
1370	20020919	20020921
1371	20020922	20020924
1372	20020925	20020927
1373	20020928	20020930
1374	20021001	20021003
1375	20021004	20021006
1376	20021007	20021009
1377	20021010	20021012
1378	20021013	20021015
1379	20021016	20021018
1380	20021019	20021022
1381	20021023	20021028
1382	20021029	20021102
1383	20021103	20021105
1384	20021106	20021108
1385	20021109	20021111
1386	20021112	20021114
1387	20021115	20021120
1388	20021121	20021124
1389	20021125	20021127
1390	20021128	20021130
1391	20021201	20021204
1392	20021205	20021207
1393	20021208	20021210
1394	20021211	20021213
1395	20021214	20021216
1396	20021217	20021219
1397	20021220	20021222
1398	20021223	20021225
1399	20021226	20021228
1400	20021229	20021231
1401	20030101	20030103
1402	20030104	20030106
1403	20030107	20030109
1404	20030110	20030112
1405	20030113	20030115
1406	20030116	20030118
1407	20030119	20030121
1408	20030122	20030124
1409	20030125	20030127
1410	20030128	20030130
1411	20030131	20030202
1412	20030203	20030205
1413	20030206	20030208
1414	20030209	20030211
1415	20030212	20030214
1416	20030215	20030217
1417	20030218	20030220
1418	20030221	20030223
1419	20030224	20030226
1420	20030227	20030301
1421	20030302	20030304
1422	20030305	20030307
1423	20030308	20030310
1424	20030311	20030313
1425	20030314	20030316
1426	20030317	20030319
1427	20030320	20030322
1428	20030323	20030325
1429	20030326	20030328
1430	20030329	20030331
1431	20030401	20030403
1432	20030404	20030409
1433	20030410	20030415
1434	20030416	20030421
1435	20030422	20030427
1436	20030428	20030503
1437	20030504	20030507
1438	20030508	20030510
1439	20030511	20030513
1440	20030514	20030517
1441	20030518	20030523
1442	20030524	20030529
1443	20030530	20030601
1444	20030602	20030604
1445	20030605	20030607
1446	20030608	20030610
1447	20030611	20030613
1448	20030614	20030616
1449	20030617	20030619
1450	20030620	20030622
1451	20030623	20030625
1452	20030626	20030629
1453	20030630	20030710
1454	20030711	20030713
1455	20030714	20030716
1456	20030717	20030719
1457	20030720