20011217
20020101
20020102
20020103
20020104
20020105
20020106
20020107
20020108
20020109
20020110
20020111
20020112
20020113
20020114
20020115
20020116
20020117
20020118
20020119
20020120
20020121
20020122
20020123
20020124
20020125
20020126
20020127
20020128
20020129
20020130
20020131
20020201
20020202
20020203
20020204
20020205
20020206
20020207
20020208
20020209
20020210
20020211
20020212
20020213
20020214
20020215
20020216
20020217
20020218
20020219
20020220
20020221
20020222
20020223
20020224
20020225
20020226
20020227
20020228
20020301
20020302
20020303
20020304
20020305
20020306
20020307
20020308
20020309
20020310
20020311
20020312
20020313
20020314
20020315
20020316
20020317
20020318
20020319
20020320
20020321
20020322
20020323
20020324
20020325
20020326
20020327
20020328
20020329
20020330
20020331
20020401
20020402
20020403
20020404
20020405
20020406
20020407
20020408
20020409
20020410
20020411
20020412
20020413
20020414
20020415
20020416
20020417
20020418
20020419
20020420
20020421
20020422
20020423
20020424
20020425
20020426
20020427
20020428
20020429
20020430
20020501
20020502
20020503
20020504
20020505
20020506
20020507
20020508
20020509
20020510
20020511
20020512
20020513
20020514
20020515
20020516
20020517
20020518
20020519
20020520
20020521
20020522
20020523
20020524
20020525
20020526
20020527
20020528
20020529
20020530
20020531
20020601
20020602
20020603
20020604
20020605
20020606
20020607
20020608
20020609
20020610
20020611
20020612
20020613
20020614
20020615
20020616
20020617
20020618
20020619
20020620
20020621
20020622
20020623
20020624
20020625
20020626
20020627
20020628
20020629
20020630
20020701
20020702
20020703
20020704
20020705
20020706
20020707
20020708
20020709
20020710
20020711
20020712
20020713
20020714
20020715
20020716
20020717
20020718
20020719
20020720
20020721
20020722
20020723
20020724
20020725
20020726
20020727
20020728
20020729
20020730
20020731
20020801
20020802
20020803
20020804
20020805
20020806
20020807
20020808
20020809
20020810
20020811
20020812
20020813
20020814
20020815
20020816
20020817
20020818
20020819
20020820
20020821
20020822
20020826
